3.024674491938682763e+02 -7.703381799589315904e+01 3.273381515283289179e+07
2.504858297701936465e+01 -6.905550555125957146e+01 3.235707559968490899e+07
1.614605453243024513e+01 -1.038823851386929675e+01 2.726243156802884862e+07
3.516066964631312430e+02 -2.311749129796129054e+01 2.824256047932055965e+07
3.788815691489604376e+01 -4.653861795254382372e+01 3.080128998401155695e+07
3.092111342519971799e+02 -4.294878525947699366e+00 2.626878773156113550e+07
3.165797501316975513e+02 -5.744489471827970561e+01 3.117216534420148656e+07
2.805587265676385300e+02 -1.124762017366661837e+01 2.722965782542323321e+07
3.329548264740843706e+02 -1.440782572456395405e+00 2.571424884549310803e+07
3.854088891225954683e+01 6.739066433218705576e+00 2.518393196926132962e+07
2.643376155033858481e+02 -4.903338317314455708e+01 3.132763193448562920e+07
