-2.262801793102458864e+07 -1.107712315797549114e+07 8.795509709351385012e+06
-1.381477845296490937e+07 -2.050165007119163126e+07 1.005342864067462832e+07
2.519278343850959837e+07 -4.639835350511327386e+06 -7.530916528920098208e+06
-2.041517209183368459e+07 -1.241438592452965677e+06 1.709529767366410419e+07
-4.341521714810897596e+06 -1.445022698630800843e+07 2.196783896351118758e+07
2.383929375916359201e+07 -1.049837102449513972e+07 -5.051391017130780965e+06
2.112871486467024311e+07 1.041322775012189709e+07 1.227448680496856570e+07
2.064440449092619866e+07 -1.286255697309684008e+06 1.648029137804740481e+07
4.939099464596869424e+06 -2.605572149651562050e+07 1.662982231783748721e+05
2.347117582587176561e+07 -3.049557081991709769e+06 -1.172768830866757780e+07
8.379201592779044993e+06 -1.711589486509475112e+07 1.845653425968309119e+07
1.463035258906874247e+07 -1.223166093246050179e+07 1.807630750791263580e+07
-2.263993612384473532e+07 -1.109100912714462914e+07 8.748757734952980652e+06
4.574890616278590634e+06 -1.526197912245867215e+07 -2.129015343958241865e+07
-1.379673622824220359e+07 -2.049192904939199239e+07 1.009816635181361437e+07
1.337751529634105973e+07 -1.910177840575132892e+07 1.264011752843319997e+07
2.023033152146688849e+07 -5.363402862914311700e+06 1.601986949252653308e+07
-1.996450935813561827e+07 -1.232056807523371466e+07 -1.298025619069061615e+07
1.121837395307177678e+06 -1.535618312473310158e+07 2.176230052610202506e+07
-1.561365460408602841e+07 -1.833822011229331605e+06 2.120115432666845247e+07
9.524870864004511386e+06 -2.251129343625069037e+07 1.016374569305031933e+07
2.020932020484244823e+07 -5.337304946361963637e+06 1.605473694380781241e+07
2.631844058842034265e+07 3.797374278506042901e+06 -3.279886868404409382e+06
7.929917126485174522e+06 -1.685239922023725882e+07 -1.891978929869544879e+07
-1.815777485368923098e+07 -9.109041591843130067e+06 1.806954675202766061e+07
-1.732508569533262029e+07 -9.704588348566051573e+05 2.024669932276138291e+07
1.688893148575591296e+07 -2.043875994899218902e+07 -9.539224005796449492e+05
1.787718357130138204e+07 6.363594818802387454e+06 1.848713128206684068e+07
1.963732381858646870e+07 -1.609850372977939062e+07 7.035432732881058007e+06
-7.298556873680175282e+06 -2.520064711512538418e+07 1.785921505382121075e+06
1.169808005041917600e+07 1.143885758395194262e+07 2.070112939130759612e+07
-2.211803224765598029e+07 -1.388094071922293305e+07 5.507369215904833749e+06
-1.304319566788586415e+07 -9.430381162792686373e+06 2.105895026001828909e+07
1.164822918084175512e+07 -2.047238041563554481e+07 -1.188428114961600490e+07
-8.786180031296992674e+05 -2.431284676835279912e+07 -1.033173774245207570e+07
-2.123200549785774946e+07 -1.626843906299829856e+07 -1.419564263303260552e+06
-1.097461086481815577e+07 -1.797939274295504764e+07 1.648358434194394574e+07
1.501835612726296112e+07 -1.015843049502620846e+07 -1.941075805389693379e+07
2.185399228405391425e+07 1.547243987882668152e+07 1.348100131215358560e+05
1.538282128787520714e+07 -1.940447748920113314e+06 2.127050159614324942e+07
3.851831763387626037e+06 -2.611011781207932532e+07 8.989294808603597339e+05
2.575232926519365609e+07 -3.789196982735563535e+06 5.375227387147555128e+06
1.041110639355495572e+06 -1.753264785619089752e+07 1.969516570902002603e+07
1.788520008970987052e+07 -1.568060151190615445e+07 1.175306507855841704e+07
-1.248987695432589576e+07 -2.285101321300768107e+07 5.429408187072731555e+06
-9.286229041254865006e+06 -2.472688566239744797e+07 -3.507912200566049665e+06
1.523034730396324955e+07 4.526718060817869380e+06 2.124200235426030681e+07
-1.693142057011814043e+07 -1.363613628424205072e+07 -1.576153433582104556e+07
-1.249021543793583848e+07 -2.286275737367084995e+07 5.379951102970506996e+06
-7.880234049350107089e+06 -1.367515748567328975e+07 2.136290904787557200e+07
-1.651472279585076123e+07 -2.712875679848010652e+06 2.057051706724527478e+07
1.461108575798529945e+07 -3.572092179111507721e+06 -2.178513885173428059e+07
1.940646604941188358e+06 -2.333007808119742200e+07 1.185074622792516835e+07
-9.278008732548661530e+06 -2.472254799428706616e+07 -3.556952310949947219e+06
1.621616939298849553e+07 1.596709532225729339e+07 1.364864879301403649e+07
8.102571262942163274e+06 -1.640533328167032823e+07 1.909982984891909361e+07
1.047335938984356262e+07 -2.248549578085643798e+07 -9.146227121264008805e+06
1.520111947718074918e+07 4.558605650602393784e+06 2.125599555934228748e+07
1.787613464917067438e+07 -9.157153969257030636e+06 1.752082809525630251e+07
2.024313316928498447e+07 -1.370031309834761173e+07 -1.006056736667454056e+07
-9.343401621049260721e+05 -2.355801865357866883e+07 1.218082114053952694e+07
-7.589539454897490330e+06 -2.017101172872904688e+07 -1.568525746902262978e+07
1.182771187149615772e+07 -9.099939207549607381e+06 2.174702626209545881e+07
5.063777064165119082e+05 -1.735222863745585829e+07 -1.996792121361472085e+07
5.799469500613630749e+06 2.052932382396982610e+07 1.573592859679682739e+07
1.165979936386607587e+05 -2.558997669512467086e+07 7.005531879583490081e+06
-1.451938062258830667e+07 -1.010031344764643349e+07 2.031392831922284141e+07
6.100630739892167971e+06 -2.545221146799420938e+07 3.393263804035653826e+06
-8.594816701625118032e+06 -1.937019616664814204e+07 1.593917638772431947e+07
1.185978958389284462e+07 -9.068351783714167774e+06 2.174350517895310745e+07
1.684575702613580227e+07 7.903870332402463071e+06 1.896715528852107748e+07
1.959170447683434933e+07 -1.622803103968927637e+06 1.792235481574451551e+07
1.208134025970888138e+07 -1.946803153607419133e+07 1.293202488660473190e+07
2.571475845069295913e+07 -7.311421505241718143e+06 -2.173501045389359817e+06
2.497614148042777553e+07 -1.552093161643054336e+05 9.432939752202391624e+06
-1.060890092767542414e+07 -1.176605395083266869e+07 2.137120953117473423e+07
1.317939733012459241e+07 -2.208725966985175759e+07 -6.114110009788725525e+06
3.153136680410291068e+06 -2.205519878805842251e+07 -1.440642260094691813e+07
7.413761614330038428e+05 -2.020238279483281821e+07 1.732553870509034768e+07
9.713953816035158932e+06 -1.374216132802912593e+07 2.045851806110668927e+07
-6.418314313214904629e+06 -2.532387133846508712e+07 -4.786618993796350434e+06
-2.010592175248195603e+07 -1.272151932686997950e+07 1.184026366244819947e+07
1.176704449228605255e+06 1.859712279826229066e+07 1.888486734752972052e+07
1.697777953961692378e+07 -1.986382342049368843e+07 3.531285580001940019e+06
2.638023211406821385e+07 4.009951562270190567e+06 -1.233766095900411019e+06
1.497095539431788214e+07 -1.964034711856646929e+06 2.170105910319140926e+07
-1.013863222006550804e+07 -2.112620719861209020e+07 1.292423293209223822e+07
1.330321896844117716e+07 -1.651412784647724219e+07 1.550247105915365741e+07
2.269039993168222532e+07 -1.259566189426809363e+07 -5.445270841281816363e+06
1.388594626835801452e+07 -7.670096445492489263e+06 -2.130286403559057042e+07
6.398843895681233145e+06 -2.529219498610039428e+07 -2.881448120795026887e+06
2.061213799178121239e+07 1.423235788770662621e+06 1.684683635713863000e+07
2.940621287622892298e+06 -1.642430945484075695e+07 -2.072040697099932283e+07
-2.123967305709923804e+07 -1.057109769498411193e+07 1.194896445182875171e+07
-3.395478338182056323e+06 -1.495777690141807683e+07 2.167615732656778768e+07
2.376508300924373791e+07 2.098133554007579572e+06 -1.239060533849021420e+07
-1.665034990684915893e+07 -2.038573990950373933e+07 3.764901872993743047e+06
1.528922848443438672e+07 -8.367930444073741324e+06 2.060713143878877163e+07
2.461780187933332473e+07 -8.790345711457761005e+06 4.245072706887940876e+06
2.272945332861065865e+07 1.119384075158822536e+07 8.389971010567888618e+06
-9.506170604147445410e+06 -1.276881180289227329e+07 2.178257380870278925e+07
-2.168264588538049720e+06 -2.475221150703612715e+07 9.111121567686280236e+06
1.572319089900740795e+07 2.149008210570421070e+06 2.109555326835892349e+07
-1.381351641521946341e+07 -2.204427547227318212e+07 -4.540349321802054532e+06
1.994215473286005110e+07 -7.424025638902906328e+06 1.573221375640315935e+07
-6.092981892646817490e+06 -2.535631114820967987e+07 4.935811804745547473e+06
1.018623483715480193e+07 -1.350546138229104131e+07 -1.999406731397160515e+07
2.576218835388271138e+07 6.155652487208221108e+06 -3.578440127536576241e+06
-2.086424469241227582e+07 -1.336157198615088686e+07 -9.893819852171851322e+06
1.065339728345004655e+07 -2.228310839168479294e+07 9.712578062480200082e+06
5.283082045092235319e+06 -1.409539563156210072e+07 2.230969859741450846e+07
-4.908063768777241930e+06 -1.565880616444017366e+07 2.062913188196849450e+07
1.825401713304540142e+07 9.351300561619263142e+06 1.784435544367835671e+07
1.716857467684262246e+07 1.227818501554832794e+06 2.036906609688932449e+07
-1.798058184684505314e+07 -6.634586926412926055e+06 1.829784882718252391e+07
6.008990390114969574e+06 -2.119854141794890910e+07 1.551522282992761955e+07
1.398756626663974486e+06 -2.331880803473763168e+07 -1.234739795647563227e+07
1.204194573410742171e+07 -2.323574350604359061e+07 4.409553416502570733e+06
2.530585033302224055e+07 -6.519989710571995005e+06 4.765018547627027147e+06
-1.534176925096695125e+07 1.642517949438173324e+06 2.132739709166952968e+07
2.217041072877894714e+07 1.395174545001173392e+07 5.126796480879580602e+06
-8.444118736221481115e+06 -1.968767364217672870e+07 1.631646688795835711e+07
1.297858150452608615e+07 9.762029846560742706e+06 2.094924693034837767e+07
2.203551792020316795e+07 3.165681356326972134e+06 1.454127885078246705e+07
2.879843717056750320e+06 -1.581878316465093195e+07 2.118537498613629118e+07
-1.160414339515955746e+07 -1.179138342344857939e+07 2.055934416979155689e+07
1.272579062188669667e+07 -1.995119739528631419e+07 -1.203148377205464803e+07
2.077241828262956068e+07 -1.353019782354714163e+07 9.962685727822596207e+06
1.409623962137423456e+07 -1.509085189083229192e+07 1.634172369315205701e+07
-6.366860665504289791e+06 -2.428187934211020917e+07 -9.076469801996264607e+06
1.093766897618413158e+07 1.821851201564766467e+07 1.624341517737862095e+07
-2.183408875526119024e+07 -1.550536196892800555e+07 -2.420308392280622793e+05
1.014660988206192851e+07 -2.384179589816823602e+07 -5.721517366125391796e+06
1.227574214522182755e+07 -1.006649096429421008e+07 -2.124391327958464622e+07
1.958815502792626247e+07 -7.785567218471973203e+06 1.625289042233344167e+07
1.635123605958331004e+07 2.933656828655419871e+06 2.067013927205423638e+07
-3.002885023311236873e+06 -2.352419666940940917e+07 1.218754675609142520e+07
8.459285148723244667e+06 -1.424665724175696634e+07 2.142476360756170377e+07
1.248769210565732047e+07 2.295356398266571015e+07 4.992993148331873119e+06
7.658749042623311281e+06 1.391778491966030002e+07 2.128595193539364263e+07
-4.714039436919435859e+06 -2.483052945638917759e+07 7.708206262442394160e+06
1.962009638904589415e+07 -7.778236655561715364e+06 1.621780621000348218e+07
-1.010208860128001869e+07 -2.431216077323487774e+07 3.781596386364120524e+06
1.025712922236818448e+07 -2.127024500539766997e+07 -1.215052797757819109e+07
2.079367396417047456e+07 -1.073383577749522775e+07 -1.213994624653216638e+07
2.057771741506949440e+07 -1.606935187262622453e+07 -4.755529056949249469e+06
-2.986946600215626881e+06 -2.350470315401065350e+07 1.222846878826184571e+07
-1.626764431495871767e+07 -1.618035762370914966e+07 1.334203587956283428e+07
1.211352983522577956e+07 -9.779937774623166770e+06 -2.100261416597440094e+07
-1.497460567286253534e+07 -4.808460015756489709e+06 2.136059533980502933e+07
2.537599966678982228e+07 -6.208741476154028438e+06 -4.912373584869048558e+06
1.427805177607119828e+07 1.019836652494557388e+07 2.043262212410090491e+07
9.726844269177716225e+06 -1.238327540730870515e+07 2.132752580458518118e+07
2.141895210785949603e+07 -1.480325684024378285e+07 6.045716170977822505e+06
5.984887358951278031e+06 -1.432647678432944790e+07 2.137666537543584779e+07
8.537082978144628927e+06 1.960742919847226143e+07 1.567877375954797864e+07
-4.863032288372955285e+06 -2.020336578810112178e+07 -1.687350253877236694e+07
1.314497063887409866e+07 -2.074783031353297457e+07 9.794550095970362425e+06
3.190861670105131343e+06 -2.596313822244619206e+07 2.963071338389745448e+06
-1.657083664523997903e+07 -8.018357115196757019e+06 1.915928076482478157e+07
1.581643242786731571e+07 -4.261737622590586543e+06 -2.116363972782041505e+07
-2.046018918661915511e+07 -1.691711804224264622e+07 1.479881282631196082e+06
-1.581478554856788181e+07 -2.000160671072816476e+07 -8.173773476486010477e+06
-5.712667561899214052e+06 -2.079511440714832768e+07 1.541564085133965686e+07
2.352581339978383109e+07 1.377826118995721452e+06 1.254590473305427842e+07
1.922843571840517223e+07 -9.382170650670498610e+06 -1.512380640867327154e+07
2.196072584440498427e+07 -6.849591270203119144e+06 1.327903835459752567e+07
-9.229010028510019183e+05 2.038623749811432511e+07 1.708910119011516124e+07
-2.046773719117344543e+07 -1.179370409352265485e+07 1.252661776710157096e+07
1.428742730720406212e+07 -4.671288627011931501e+06 2.175955205747055262e+07
8.750581665596058592e+06 -1.492934181809562445e+07 1.969380630106165260e+07
-9.739668453715033829e+05 -1.881040292086175829e+07 1.868322937017333135e+07
2.402519907052675635e+07 -6.336908702454715967e+06 8.885161830190658569e+06
-9.829331611382821575e+06 -1.495849712603227794e+07 1.961979916781900078e+07
1.488195855861250870e+07 -2.173518413603666425e+07 -2.130894887725717854e+05
-1.509080084054650553e+07 1.645331091816651635e+06 2.164932565004440770e+07
-3.592113279859562404e+06 -2.558079889021807536e+07 -6.103202810551579110e+06
1.036110025381296314e+07 1.204821823835006543e+07 2.133207686637051776e+07
