2.776772246330426128e+02 8.133090414721706907e+00 2.503084917291646823e+07
2.613578092787067817e+02 3.539042985661968999e+01 2.248653350836693123e+07
1.176343939900682471e+02 -6.760545608700009090e+00 2.668040191059865803e+07
3.075012524518522810e+02 3.867892609380232827e+00 2.547067193687425181e+07
3.196512838012969837e+02 5.661178842491421648e+01 2.110742765489205718e+07
1.234615023423068578e+02 5.976150996489262290e+00 2.509211769113199785e+07
6.063797852835163127e+01 -6.023296219933986784e+00 2.647409138043377921e+07
6.538743127087812468e+01 2.161878190156400947e+01 2.343614949996401370e+07
1.839060204402971976e+02 4.083359019209760987e+01 2.190048041252995655e+07
1.228865989292503968e+02 -1.544580113641653618e+01 2.737597717105909064e+07
5.795783688732277739e+01 7.568209757078014377e+01 2.031284303978037462e+07
6.870103506453847331e+01 5.388372642994951889e+01 2.086411507641068473e+07
2.775739493462469909e+02 8.082571536043635874e+00 2.503670427555765212e+07
1.778924331917513655e+02 -1.561168298391532083e+01 2.756730166994984075e+07
2.614665361711342371e+02 3.547763272314388416e+01 2.247987237618651986e+07
1.135970190244572677e+02 6.279084647391692187e+01 2.069738784730525687e+07
7.123702056625630519e+01 3.019770101107213733e+01 2.257641434429142624e+07
2.364514492033799229e+02 -1.816184455021605260e+01 2.809323565749005973e+07
3.418734785435379990e+02 6.799599851309579890e+01 2.065140667585930973e+07
3.184233871252257586e+02 1.338564069236422860e+01 2.419591251217896491e+07
1.502464954050876429e+02 6.598816218819931123e+01 2.052088266516932845e+07
7.109519194008437637e+01 3.019292425533930668e+01 2.257664822953381389e+07
9.853469357020877339e+01 -1.393669341126284245e+01 2.760043607612918690e+07
1.715578946462727288e+02 -8.878607208834917941e+00 2.675411530915634707e+07
2.992869506688884371e+02 2.097332764241930292e+01 2.425827743651892245e+07
3.159095937866724739e+02 9.350180833869425001e+00 2.489319672427863628e+07
1.430557650782110386e+02 3.034749272225655403e+01 2.272433111434540898e+07
5.018408169159013710e+01 8.390885237217297288e+00 2.481561865945234150e+07
1.149831079441545256e+02 3.881771206228563642e+01 2.187902581387850642e+07
2.246811702728590490e+02 3.442907740488018931e+01 2.215490831984417513e+07
3.314103136053802245e+01 1.832403189924326492e-01 2.560291942598878220e+07
2.675974602934073232e+02 8.472070154311053258e+00 2.499384666018166021e+07
3.100280107506927720e+02 3.113369789806218080e+01 2.265525867079595476e+07
1.640978948270773685e+02 8.627570843710675064e+00 2.464516452549874410e+07
1.956807487466450652e+02 1.276582895074587043e+01 2.426517974903832003e+07
2.518154643384201563e+02 2.864359228439194549e+00 2.569454609431313723e+07
2.828784050680396263e+02 4.593213483656894880e+01 2.180363890301451832e+07
1.522984039871732023e+02 -1.730117212348557842e+01 2.773143021580448374e+07
7.536976942324210427e+01 -2.884517984521613698e+01 2.926753335091101751e+07
4.786658584552166218e+01 2.977400791733408880e+01 2.258208128349589556e+07
1.879065672787565404e+02 4.245308247334411789e+01 2.167423383502859995e+07
9.430112234643763713e+01 1.036435240288948556e+01 2.468227308656439185e+07
3.260244073446766038e+02 7.468015156562258028e+01 2.019540084471433982e+07
1.023359275069839640e+02 4.857878549712714289e+01 2.141538614705554768e+07
2.453310459499637375e+02 3.238696828712264875e+01 2.263386143922463432e+07
2.216008406659717025e+02 2.099343261134198357e+01 2.367759627235729992e+07
4.282440454919854034e+01 1.505584300774581941e+01 2.416318171441320702e+07
2.271829631261032034e+02 -1.857358555801707212e+01 2.817897119101973251e+07
2.452108369878065162e+02 3.230976621251652858e+01 2.264033264063398167e+07
3.109586579113153562e+02 4.829062155717885929e+01 2.147291438907857239e+07
3.150180558883960202e+02 1.358843374763797307e+01 2.430282972228107974e+07
1.476682256739410661e+02 -3.054097880949287713e+01 2.911830448432904482e+07
2.126298769133869655e+02 7.157951218159496420e+01 2.011433912917449698e+07
2.215205146246257470e+02 2.090105125641066763e+01 2.368591956530821323e+07
4.704837948313136309e+01 -1.474097868193079108e+01 2.744726108010790125e+07
4.874918417736346754e+01 7.419256715171469807e+01 2.026686400238114223e+07
1.672227221840908555e+02 1.636344208575432901e+01 2.390865263339652494e+07
4.272852447932975650e+01 1.500216827220056182e+01 2.416850622117554024e+07
7.040094516705646299e+01 4.221754568012124054e+01 2.195657906906345114e+07
1.390237629988444894e+02 2.815679615311438955e+00 2.532737720686445758e+07
2.324661912674519044e+02 6.732997230148254175e+01 2.054205496838669106e+07
2.070822797752025224e+02 -5.057636478267816926e+00 2.643158990473207831e+07
4.440506236207580315e+01 5.037915118331540754e+01 2.116153619478785992e+07
1.875252720823603454e+02 -1.222279139642056656e+01 2.704336217938942090e+07
2.327885583426361649e+01 -2.276784122816646416e+01 2.833421629456979409e+07
2.091781230652389070e+02 5.604689030273328854e+01 2.100045833457807824e+07
3.054274396513986289e+02 2.966291864296006153e+01 2.321691623539811373e+07
1.794207347629386504e+02 4.935474283338596990e+01 2.121985990252636373e+07
2.778519369728098241e+02 5.246741473966181957e+01 2.118136417550531402e+07
4.448570395850246939e+01 5.026986472083682145e+01 2.116847332549800724e+07
4.664880894789190080e+01 5.874296718525743977e+00 2.516618257389909029e+07
6.154152615343559773e+01 2.430794661463979267e+01 2.334728398546448722e+07
1.161676982835285230e+02 6.634684745027719543e+01 2.034783477920350805e+07
1.128309033652139135e+02 5.284744505073303955e+00 2.546689784560076147e+07
8.140412315579578717e+01 9.497796609653512689e+00 2.490076003391915560e+07
3.100414623842611377e+02 3.969682405082131282e+01 2.208785601243447512e+07
1.588511249558561644e+02 2.220253544155661984e+01 2.334767866598063335e+07
1.844481735664228097e+02 4.087677831989160460e+00 2.528502842516599223e+07
2.843090943512218587e+02 7.864612540078798020e+01 2.035061912458956242e+07
4.605791748937652130e+01 6.474604977896042612e+01 2.059489797862105072e+07
2.132972219751618752e+02 2.152713356124288069e+01 2.353795540035874397e+07
2.808450762818623616e+02 1.734759773039153785e+01 2.397528427557606623e+07
1.173204053753723919e+01 -1.748245138753766881e+01 2.776017460799241811e+07
1.346268284502994561e+02 3.946336267710855594e+01 2.184761743331455067e+07
9.486575310360474589e+01 -1.166015206853080954e+01 2.725864028562446684e+07
4.624423199882794222e+01 3.029734674764826252e+01 2.265627405857587606e+07
2.644211661859799847e+02 4.723308303767274197e+01 2.173176993407538533e+07
8.979789957977747861e+01 6.325808953861312744e+01 2.042298619412349164e+07
1.283102744240590027e+02 8.697332170527680262e+00 2.478316972476126999e+07
1.531189187655569413e+02 -2.386889809348818048e+01 2.847264627391433716e+07
1.785662025290874055e+02 3.294065747758898510e+01 2.221877765861934423e+07
6.160546196837113087e+01 1.637003310999757133e+01 2.416266454754276946e+07
1.818965491094696176e+02 -1.367988741106429984e+01 2.735839779290010780e+07
2.842667914427909750e+02 1.274696791175881039e+01 2.442664866960557178e+07
3.206141104770051129e+02 5.953690149781568408e+01 2.087309420566883311e+07
1.164100126460738664e+02 -2.365398693567143340e+01 2.878869750920312107e+07
2.510482980496727805e+02 2.101905876463573009e+01 2.362544083914320171e+07
5.614516323353346650e+01 4.502168552898817211e+01 2.211245912920090556e+07
1.043069987674048065e+02 1.787511950512086045e+01 2.381969603651032969e+07
6.766574973430195428e+01 -1.170988350482292439e+01 2.725126804151866958e+07
3.107431665980305979e+02 4.365492741176844049e+01 2.219407645598939434e+07
2.249580516184392991e+02 5.821831958992295597e+01 2.083048938806202263e+07
4.559984495484325606e+01 2.004996055235379515e+01 2.353978895163419470e+07
2.308526726931833934e+02 1.185842123433674722e+01 2.434041376475790143e+07
7.475492482755593926e+01 3.461741592871852902e+01 2.232426156719130278e+07
2.272794146394989525e+02 4.295294820705336747e+01 2.177946548680239171e+07
1.648440857000628910e+02 -1.485175875889329511e+01 2.706799366733851284e+07
9.578179172940191677e+01 -1.813183504706424642e+01 2.801363207630627975e+07
2.411607622319093878e+02 -1.305829530528672144e+01 2.737556255599999055e+07
1.452133654756132728e+02 6.334390264600508402e+01 2.068685886452551186e+07
1.365038575770318374e+01 6.698944020042982572e+01 2.094098056141425669e+07
3.105925544554456224e+02 5.800405294427516623e+01 2.074669309788582101e+07
4.950368715351548587e+01 2.238512282236896134e+00 2.619504022155343741e+07
5.025146791644034039e+01 2.118032073792207726e+01 2.370784523093311489e+07
3.038354771569167383e+02 1.696724499099290995e+01 2.393933463198035210e+07
1.502265775891281407e+02 8.427841937431780650e+01 2.060142249111945555e+07
1.893254059974944141e+02 8.727095154477996886e+00 2.467599472625184804e+07
1.528266262353837135e+02 4.885837294421893517e+01 2.139975120744233951e+07
9.957301556612219429e+01 1.443234576099285604e+01 2.424624348715018854e+07
3.236620953981422986e+02 7.187073611429784847e+00 2.477290703084453940e+07
6.926471961456253723e+01 -2.025172639830353205e+01 2.822679848310395330e+07
2.782369043723280129e+02 5.341716572106911798e+01 2.154599506933788955e+07
3.604862402806847399e+01 3.926222001855033561e+00 2.531424695858357474e+07
6.552025969323864274e+01 9.990000889108818782e+00 2.474272484298976511e+07
3.528330462037131383e+02 7.172989832760283946e+01 2.047736236504912749e+07
3.067141952722494125e+02 3.760807226096115130e+01 2.202332185724743828e+07
1.614553441354219103e+02 7.851000857081606554e+00 2.489730478677965328e+07
1.015842385615585783e+02 3.829223932640768879e+01 2.229548030390156433e+07
8.201298928494021823e+01 5.977786214353669436e+01 2.063550923788607866e+07
2.091892514105646228e+02 1.209862969642555974e+01 2.460447796314524859e+07
3.364558653485348572e+01 -1.664687998770900990e+01 2.788393871748860925e+07
2.552236309051961882e+02 2.994942645979197238e+00 2.567615999200071394e+07
1.677602946202434566e+02 2.518024856516336740e+01 2.317493439580027759e+07
1.584172301737506530e+02 -2.076618140192450568e+01 2.808160625905241445e+07
7.368100089495078464e+01 3.625977855175064946e+01 2.235351186674622819e+07
4.688531354912000637e+01 1.785413228644892314e+01 2.387563919652613997e+07
2.414868593684116433e+02 6.307869808640540299e+01 2.082409835769125819e+07
3.660145239010710583e+01 6.665899399601686071e+01 2.112303284274008870e+07
4.706479473989054441e+01 -3.773093709110630556e+01 3.003291391212588921e+07
2.389480038225638836e+01 -4.663072580851230775e+00 2.632773620345990732e+07
2.302090106000022161e+02 5.093422119073864707e+01 2.116423658551066741e+07
7.379354310745978296e+01 3.617829548730908584e+01 2.235972721353723481e+07
2.356833222985100065e+02 3.411921450643359321e+01 2.248834889893618226e+07
1.678777848389676990e+02 9.022916217905171621e+00 2.478264696574655920e+07
1.368287844209731361e+02 -4.858841560730328801e+00 2.611088089978496358e+07
1.351799721671806651e+02 1.548497779134356733e+01 2.410463767668639496e+07
2.416508960677176958e+02 6.318739756263718732e+01 2.081959417374489829e+07
2.781644279768944443e+02 3.000208093022704148e+01 2.277913228847737983e+07
1.582931158799623006e+02 -2.123477530320608508e+01 2.774792374438348785e+07
3.152560027783088117e+02 1.990849346059694014e+01 2.368497372474434972e+07
1.157647636818056185e+02 -6.045293555659086993e-01 2.586608446641835198e+07
3.891535134309646082e+01 2.898760911605795521e+00 2.586437205995423719e+07
4.116758449838584255e+01 6.090128542467088835e+01 2.076946679502143711e+07
1.130268660403826999e+02 3.319384362134727695e+01 2.269931386396210268e+07
2.013943278460818576e+01 6.859552733179161521e+01 2.039295604034023732e+07
2.906338056151085425e+01 -2.046609180328644229e+01 2.808266097870244831e+07
2.006537931659924823e+02 -5.546185561885089044e+00 2.660233573858644813e+07
1.308338069100778682e+02 5.909449918933809442e+01 2.076827966627519205e+07
1.913085336124140952e+02 4.761532985232477699e+01 2.125703084391691536e+07
3.045499449368517162e+02 2.203076959191445638e+01 2.352628441775461659e+07
1.458898136264280936e+02 -2.798144153237265641e+01 2.913600695030988753e+07
2.552397494525916102e+02 8.641368573360770355e+00 2.487082852782220766e+07
2.307214494358179877e+02 1.809876927742008590e+00 2.579433888846183196e+07
2.703840927378813035e+02 6.029302156272443369e+01 2.078765007739788666e+07
7.268947232041936957e+01 1.082853332457954032e+01 2.476335861257107928e+07
1.406687190539638834e+02 -1.163931452476268547e+01 2.671575378446971998e+07
8.142871978596208749e+01 2.888856514827675781e+01 2.289474495394760370e+07
8.223857828496726086e+00 -2.313942801278581385e+01 2.848894659436637536e+07
2.835716949467986865e+02 1.632546922436612746e+01 2.424405202405737340e+07
4.692227837516155375e+01 3.728960650951260192e+01 2.210730361636145785e+07
4.616797679723578796e+01 6.939703283959607916e+01 2.016212307320483029e+07
3.009913602057069397e+02 7.256921114815492047e+01 2.038662306733175740e+07
9.106496748648979178e+01 2.064667658180820808e+01 2.345940465793730319e+07
3.000339092494591569e+02 4.606079324395948049e+01 2.160659842076228559e+07
1.485676447195406240e+02 3.450859235039849437e+01 2.219317291153581813e+07
3.244194335413600356e+02 7.738927680765121941e+00 2.483529868958876282e+07
2.051268050383972081e+02 2.116109772161078695e+01 2.355425655310286954e+07
2.970784912804267819e+01 -4.835635791386338478e-01 2.589828995142763853e+07
