[277.67722556755024, 8.133088510676755, 25030849.370568804]
[261.3578696677706, 35.390482459357685, 22486529.485157494]
[117.63441295979146, -6.760571411292257, 26680404.899296455]
[307.50121155154915, 3.8678820451688947, 25470673.205353122]
[319.65129980227215, 56.61183501047006, 21107425.23123828]
[123.46146645108848, 5.976182059105349, 25092114.138698142]
[60.63801428896908, -6.023340321455923, 26474096.543652635]
[65.3874567825338, 21.61875501985677, 23436152.266571175]
[183.90600005427433, 40.833479056648294, 21900488.259774536]
[122.88660893054637, -15.445811994570747, 27375978.440245766]
[57.95804658298307, 75.68209124108488, 20312843.147407655]
[68.70101094221778, 53.88372357921515, 20864115.248249743]
[277.57387821855696, 8.082534312618028, 25036708.566797923]
[177.89238951891835, -15.611716589100554, 27567305.561977886]
[261.46654561846555, 35.47764443619324, 22479871.4797062]
[113.59708348787515, 62.79081340016188, 20697389.15360204]
[71.23700632881616, 30.197706829618973, 22576413.841852713]
[236.4514019259064, -18.161864966131755, 28093237.966162644]
[341.87365033552277, 67.99603162185485, 20651405.475971665]
[318.42335713509874, 13.385664561907628, 24195910.276304454]
[150.24654825576374, 65.98807039477701, 20520885.62894141]
[71.0951299654409, 30.192928381672157, 22576647.813230056]
[98.53472991974172, -13.936730467592785, 27600440.618106995]
[171.55785699926696, -8.878681832322727, 26754123.899373192]
[299.2869313217221, 20.973314643180814, 24258278.63816224]
[315.9095927598529, 9.350324675397388, 24893182.10037163]
[143.05579082837406, 30.347441214603453, 22724335.449184354]
[50.184091139256786, 8.390876383519977, 24815619.659843445]
[114.98300874281547, 38.81776713345906, 21879021.54462825]
[224.68121539576927, 34.429147899836835, 22154902.70926864]
[33.14101410008677, 0.18318136931581505, 25602926.18830939]
[267.59740423960807, 8.472035681117635, 24993850.64869506]
[310.02794783458637, 31.133752914796727, 22655254.208005484]
[164.09789929439629, 8.627544396379038, 24645167.32020911]
[195.6807468760879, 12.765872993770238, 24265174.958469268]
[251.81539569891345, 2.8643075077399116, 25694550.647247802]
[282.8781496424125, 45.9321650458833, 21803636.878366202]
[152.2984005393419, -17.301214054125914, 27731435.03120597]
[75.36977635060352, -28.845186211670434, 29267534.084930833]
[47.86652905152829, 29.773943474292118, 22582086.943140194]
[187.9065663868918, 42.453164560673464, 21674228.176953]
[94.30108700183368, 10.364374039121094, 24682270.79739045]
[326.0244641490948, 74.68014997554062, 20195400.938303303]
[102.33601287384047, 48.578726265311644, 21415389.49668245]
[245.33100987896378, 32.386944008858876, 22633863.470771406]
[221.6008252636109, 20.993415390600724, 23677597.82166906]
[42.8243643014721, 15.055821432482361, 24163183.853332702]
[227.18294800591912, -18.57359067624299, 28178971.777335618]
[245.21075592633295, 32.30971283494851, 22640337.114600755]
[310.95864594087584, 48.290645697057805, 21472912.90439019]
[315.0180558910462, 13.588439604544478, 24302829.12163748]
[147.66822396281586, -30.540991343208905, 29118305.876660395]
[212.6299387845449, 71.57956827808114, 20114337.599171568]
[221.52045630877907, 20.90098461180216, 23685925.571442053]
[47.04840229849699, -14.741018900307102, 27447265.948988378]
[48.74911059346386, 74.19248967042923, 20266865.98537357]
[167.22270421691942, 16.36347940962347, 23908648.748718992]
[42.72846961526111, 15.00213832460739, 24168509.19212567]
[70.40097175237845, 42.21754099489583, 21956579.45397855]
[139.02379035976608, 2.8156155260523636, 25327384.165193956]
[232.46609989449905, 67.32995107482392, 20542055.64738378]
[207.0822755298661, -5.057643498721149, 26431590.699012265]
[44.40507555849377, 50.3791279698696, 21161537.661972288]
[187.52521283663623, -12.222832432303626, 27043366.598400105]
[23.278856875739546, -22.76788091260281, 28334220.756544966]
[209.17810890822508, 56.04687777497626, 21000458.94773844]
[305.42741974346274, 29.662932090996634, 23216915.054055143]
[179.4207141480473, 49.35487180529033, 21219852.364611693]
[277.851859310451, 52.46742287662534, 21181363.737474084]
[44.48570850845706, 50.26985336338557, 21168474.043074265]
[46.64872564174107, 5.874296027831898, 25166182.593536694]
[61.541540636627516, 24.30793877433218, 23347284.73422484]
[116.16758029181757, 66.34687027957631, 20347834.002161376]
[112.83094579729867, 5.284696054868748, 25466903.133648105]
[81.40417814152951, 9.497751250214396, 24900765.212455556]
[310.0414333060486, 39.69690307780465, 22087850.052762374]
[158.85110423281404, 22.2025764689631, 23347674.60957251]
[184.4481448315394, 4.087610835579324, 25285035.74139123]
[284.3090404179212, 78.646131915669, 20350618.927963052]
[46.05787616416993, 64.74593305305909, 20594902.670541555]
[213.2971955439753, 21.527095367205888, 23537959.027658105]
[280.84508584493574, 17.3476079415221, 23975283.26943019]
[11.732033353968308, -17.48245422204262, 27760174.926266905]
[134.6268176836513, 39.46337574120187, 21847616.645387407]
[94.8658672086386, -11.660261345510389, 27258652.869467072]
[46.24424151186768, 30.297306895392694, 22656277.601634473]
[264.42124954617873, 47.23313705064732, 21731767.02097204]
[89.797628409453, 63.258080775809525, 20422986.524313908]
[128.31021718398378, 8.697385894330631, 24783163.921485327]
[153.1188989737664, -23.86890378600279, 28472646.9313215]
[178.56620246263103, 32.94064490094063, 22218778.615774333]
[61.60553565592639, 16.36995226097099, 24162672.869124237]
[181.89651880812076, -13.679906710504142, 27358400.022339568]
[284.2667771077563, 12.746962874281413, 24426649.222716194]
[320.6141397368012, 59.53693710106703, 20873092.596598588]
[116.41000904847613, -23.653990194649477, 28788697.87667801]
[251.04836752297024, 21.019125919781494, 23625434.06016898]
[56.14512560586374, 45.02162646157124, 22112463.64869059]
[104.30684214547956, 17.87521320327168, 23819687.5177137]
[67.6657838901027, -11.709915544884437, 27251271.912014145]
[310.74318898943596, 43.65499504185938, 22194072.20119419]
[224.9578475350411, 58.21822464398219, 20830493.500778712]
[45.59985175359149, 20.0499207038151, 23539792.983270615]
[230.852713833702, 11.858486813138146, 24340407.819080096]
[74.75473634397652, 34.61741290655847, 22324261.83417726]
[227.27943553742574, 42.952974428749656, 21779463.743393417]
[164.844090383744, -14.851782277523917, 27067996.40989532]
[95.78186474043949, -18.131901161805384, 28013639.527299274]
[241.16072573528913, -13.058317344211368, 27375565.124690212]
[145.21339518512295, 63.343860916875904, 20686860.482414]
[13.650423840504747, 66.98946282783149, 20940979.781437665]
[310.5927226899023, 58.0041110955395, 20746690.097864788]
[49.50372773423857, 2.2384603423403666, 26195045.758691363]
[50.251332630369646, 21.180233094793106, 23707854.087104507]
[303.83542618798214, 16.96725305028021, 23939334.133698456]
[150.2268059832722, 84.27832147659066, 20601422.86293353]
[189.32535657211514, 8.726986807946716, 24676006.247512233]
[152.82664382150142, 48.85832937970924, 21399753.800325256]
[99.57301251540106, 14.43234757252229, 24246243.301623076]
[323.6620990105905, 7.187089671455472, 24772905.348375376]
[69.26477011900973, -20.251774449471963, 28226804.31024739]
[278.2369942092938, 53.41722101997225, 21545992.711116634]
[36.048605350663024, 3.9260988548813547, 25314260.644042477]
[65.52023607076742, 9.990006091443442, 24742724.29585095]
[352.8330828992951, 71.7299020138592, 20477362.2736125]
[306.7141876626843, 37.60808597054246, 22023320.87037188]
[161.45534712004869, 7.850942763381848, 24897310.981381807]
[101.58425051763568, 38.29223291023304, 22295480.716349106]
[82.01316794571613, 59.77779615267082, 20635512.334322155]
[209.18926888766168, 12.098696726403597, 24604471.14246258]
[33.645596740552364, -16.646913396702054, 27883942.51022758]
[255.2235904177126, 2.994915086862135, 25676163.209696416]
[167.76030114039887, 25.180157973659536, 23174941.724207364]
[158.41713549052636, -20.766215005140474, 28081610.418347802]
[73.68104145131187, 36.25975248461735, 22353513.85245033]
[46.885302815522365, 17.85412637897819, 23875639.77057394]
[241.4868723267739, 63.07871523571957, 20824097.646124035]
[36.601580759906945, 66.65900490498483, 21123032.365430813]
[47.06487203821799, -37.731040473541725, 30032924.578997742]
[23.89478711094291, -4.663087887128472, 26327737.91903367]
[230.20902050620026, 50.9342301755979, 21164236.0626553]
[73.79358944512605, 36.17826519049735, 22359729.52468896]
[235.68330804788516, 34.1192027576204, 22488349.894026272]
[167.87775853673074, 9.022968510197659, 24782641.285668146]
[136.82879973386676, -4.858875490491055, 26110884.48601156]
[135.180022974473, 15.484890937118127, 24104646.841336228]
[241.65098568096082, 63.18746525489141, 20819591.374229297]
[278.16437299315993, 30.002070803463475, 22779133.372676447]
[158.29309159657453, -21.23483612476751, 27747930.30189723]
[315.2560156638189, 19.908607032722188, 23684962.733921852]
[115.76477272568349, -0.6045397989595871, 25866085.611359887]
[38.915342484133525, 2.8987466655499983, 25864373.573982086]
[41.16774659363854, 60.9011974514443, 20769470.18404209]
[113.02689991770828, 33.19381118591498, 22699316.0563108]
[20.139749283020244, 68.59541993564461, 20392959.66872701]
[29.06338307182455, -20.46612592384353, 28082664.857841674]
[200.6537849937805, -5.546193809426634, 26602336.692430478]
[130.83369761391924, 59.094546584555225, 20768277.464507155]
[191.30853547113628, 47.61537129411316, 21257028.119364135]
[304.54999024374285, 22.030852105136315, 23526276.61757595]
[145.8898067157023, -27.981448306296492, 29136007.726838283]
[255.23979795206034, 8.641417046325792, 24870823.387736615]
[230.72144163326644, 1.8098713843848326, 25794339.52934526]
[270.3839318327139, 60.29302516064191, 20787649.91193982]
[72.68946256512282, 10.828533488843293, 24763358.591081448]
[140.66873292944442, -11.639344325703446, 26715756.904878944]
[81.42884838378316, 28.88846189642704, 22894754.271715716]
[8.223841002998867, -23.139460089052356, 28488949.813166477]
[283.57176952767736, 16.325545161715286, 24244044.487101138]
[46.92227366257104, 37.28955795001251, 22107307.35482275]
[46.167948318483944, 69.39699275125425, 20162124.34902436]
[300.9911593400888, 72.5693036580153, 20386620.610441536]
[91.06497795694004, 20.646665092636702, 23459405.729009047]
[300.0339520759967, 46.06082815441379, 21606596.170587156]
[148.56763715678932, 34.50860230117199, 22193172.08623099]
[324.41937532819736, 7.738969025060786, 24835294.638348784]
[205.12677233275275, 21.161035467886144, 23554262.484304562]
[29.707845041658747, -0.4835719015910875, 25898290.849339396]
