-1.036745008980735747e+03 1.369253956749946383e+03 -3.212596572970488523e+03
4.275998318335180102e+02 1.594528016853012787e+03 2.236884173584145628e+03
-1.542661622305988431e+03 -5.800934235327634951e+02 -2.511409468195368390e+03
-1.511335688674296762e+03 7.638584598923423528e+02 -2.673309483611729775e+03
1.093214061386832554e+03 -1.266977640600600807e+03 -1.118352557764825178e+03
-8.737367858930231250e+02 -1.451078520020021415e+03 3.178755034521376729e+03
1.379754039243248826e+03 -9.705204561654900317e+02 -3.066279586430489871e+03
1.347710871686796963e+03 -8.463658297426042054e+02 -2.581265958009623319e+03
-1.613051868682304303e+03 4.522464362123785122e+02 -3.038108837861053871e+03
-1.565932476232741465e+03 -1.533840473735608612e+01 -1.947541061235404868e+03
2.569420810424428510e+02 -1.645077700065714907e+03 -2.447618495150483795e+03
-2.414831459552638080e+02 1.530912863856151944e+03 7.019284205672472581e+02
-1.031910895884609545e+03 1.372810091615949887e+03 -3.213411712756349971e+03
1.457106508035309162e+03 9.342501068092349215e+02 1.161461959591808721e+02
4.331588083438966805e+02 1.593064293293621631e+03 2.231620724748112934e+03
-6.944662784127717714e+02 -1.514405519499743377e+03 -3.036253149099216898e+03
-1.444206865746761196e+03 8.641844837827127321e+02 1.306588677119672639e+03
1.375740054552199354e+03 1.041072795652341256e+03 -1.916641039225432678e+03
1.587744875827121632e+03 -4.101829628427444732e+02 -8.358206191411824193e+02
-1.557265430637412464e+03 -8.095437112331933349e+02 -1.753604733967116772e+03
-1.291219651487964484e+03 -1.060601807816623932e+03 -3.138278061689844435e+03
-1.441085301922640383e+03 8.692769759774994327e+02 1.299769308523481641e+03
-8.230523210808885324e+02 -1.319107572591418375e+03 -2.817352932183321627e+03
4.678635302936692142e+02 1.610801500200631153e+03 -6.715132369099036396e+02
-1.643549961541017183e+03 -7.963444668432907747e+01 -2.601667846509273659e+03
6.942602880789120263e+02 -1.423176824240261340e+03 9.557527047372533957e+01
-1.645662600242166263e+03 -2.484046969167618499e+02 -2.979249112689999492e+03
1.588527880727747970e+03 2.530091377958599423e+02 -2.292720945334100634e+03
-1.636119394340698818e+03 2.043245001489435708e+02 2.493327366780175453e+03
-1.018427787848144135e+03 1.258757264435424759e+03 2.880759700768775929e+03
9.062620908286264694e+02 1.447622850231181474e+03 -1.888353670181959387e+03
-8.345619404893532192e+02 1.528805861997174816e+03 -3.247401404397290207e+03
-9.275041733151688277e+02 -1.415578788901993448e+03 -1.763865599456664313e+03
-1.048182311358726110e+03 1.296137636268840652e+03 -1.985437975302744917e+03
-1.620593725835422447e+03 -4.168823803707164188e+02 3.135342545438520574e+03
-6.528115596699296930e+01 1.696768704747874153e+03 -2.919435581087652281e+03
-1.410488413878723577e+03 -7.094149804635219425e+02 -2.662513958056224055e+03
-2.353391027682814922e+02 1.650876099526428334e+03 -5.124112834073783915e+02
2.653525377570351793e+02 -1.557805579833215688e+03 -3.008448826251400988e+03
2.521102155803337439e+02 1.630186210942665184e+03 -4.553368435678960395e+02
-1.461780671129090933e+03 6.125809316212177009e+02 2.913813745232716428e+03
-1.462914654256180711e+03 -9.291721072638813439e+02 2.728340241309043449e+03
1.300355065020244865e+03 9.782900205406444911e+02 3.424753981267487006e+02
-4.429742209692594770e+02 -1.570418202397027699e+03 -3.059074132897541404e+03
-1.417738858562060386e+03 9.145398626753582221e+02 -3.197895681247735865e+03
-7.169959966167434686e+02 1.424797453094661932e+03 -2.761376910424440212e+03
-9.263834794575027445e+02 1.454852097983171006e+03 -1.305086349379571118e+02
1.541329721224624109e+03 8.414748115356172775e+02 -1.500109111137450782e+03
-1.414503688085206704e+03 9.194922337172956759e+02 -3.197447153056280058e+03
9.643544300524786195e+01 -1.645865107611308986e+03 -1.543231686133001631e+03
7.943708437202224104e+02 -1.419814744386329039e+03 -1.474631075243945055e+01
1.338063026392147549e+03 1.041373773990057543e+03 1.180941458296756991e+03
-4.032316061437383041e+02 1.618521759576653494e+03 1.971893026128426982e+03
-7.120957098047032332e+02 1.427293728380340781e+03 -2.757929433259830148e+03
1.662850917500519017e+03 -2.302606977404677764e+02 -2.964502768868255771e+03
6.454092616545265173e+02 1.449289671125334507e+03 4.812533489888665486e+02
-1.363960562395173611e+03 -9.906027933384887092e+02 3.167559938479058474e+03
-9.212567532271118580e+02 1.458082394865561810e+03 -1.380280510293754901e+02
1.030927232615175626e+03 -1.316027432716337216e+03 -2.571092075108482277e+03
-1.570635905112547562e+03 4.502818999049513877e+02 -2.188705397751167766e+03
-1.485215956277907935e+03 -7.176440387655610493e+02 -3.048464353500350171e+03
9.218424534755024524e+02 1.419356827705384148e+03 -1.430732807727717500e+03
1.674929678016835851e+03 3.678021858003464786e+02 -1.196727405530287115e+03
1.394965422120163566e+03 7.157366127870516266e+02 -1.015966837073086424e+02
1.464125341405909239e+03 9.154293735556303773e+02 -2.858559185601040554e+03
-1.648075320144854686e+03 -8.400817396381148683e+01 -3.169635668422277831e+03
1.506877700287579955e+03 -6.681243589148000410e+02 2.217740747906807428e+02
-1.467379389876092091e+03 7.721841980692200877e+02 2.821282063359729818e+03
-1.428977554030617284e+03 -7.869796605465071480e+02 -2.745965417619771415e+03
1.676366662390243164e+03 3.620528683728136912e+02 -1.203688573772346672e+03
-1.612553117713973279e+03 4.746125614459277813e+02 6.531931367746244632e+02
1.480851422858617298e+03 -6.449913550172599344e+02 -2.452881313826972473e+03
-9.736477046490872453e+02 1.366735137183173492e+03 1.838579999888250768e+03
-1.302410202768824547e+03 -1.025958000563889982e+03 -2.930530192346870535e+03
4.175703584532317905e+02 -1.665890760139224767e+03 -3.199208064640594785e+03
2.645911041565809683e+02 -1.544619999125605545e+03 -1.199884157512715319e+03
-1.523797763494678065e+03 -7.984182896212657852e+02 3.199741185541680807e+03
-7.294664467108793815e+01 1.646948998346954340e+03 -1.605936583172851215e+03
-6.748826061024325327e+02 -1.427121785291522656e+03 -2.605139767386146104e+03
8.141377512578828828e+02 1.460305856454877357e+03 1.374226046547525755e+02
-7.773295423059879568e+02 1.428104044227377244e+03 -2.715682824268813420e+03
1.229264936796954089e+03 1.094524433606455887e+03 1.988419530464778290e+03
4.862256588997025801e+02 1.602470280379301357e+03 -2.384169747731631560e+03
-1.585595498362466060e+03 -1.739603990516116028e+01 2.841690093174659978e+03
-6.404271412917864836e+02 -1.471956396878793157e+03 -2.938950958415655805e+03
1.423222712313792272e+03 9.666427979356790274e+02 -1.362803525278862253e+03
5.744861493217351835e+02 1.617007805426163259e+03 1.968200748484129690e+03
-7.778422560013428892e+02 1.518764403579423742e+03 1.428218725582020170e+03
-9.371004890028550562e+02 -1.395198121450172493e+03 3.180553043540525778e+03
1.655052981973242595e+03 6.493609979314464908e+01 1.575704440164563039e+03
-1.449495114284428610e+03 7.114557025170084898e+02 -2.780161483458575731e+03
1.490066996646169628e+03 -8.039115410826548214e+02 -2.704938833437503945e+03
1.438011150547881925e+03 7.737751104127034978e+02 4.566464152709846047e+01
-1.353071201371898951e+03 1.006868790481194651e+03 -3.082192422019884361e+03
1.086350074912167429e+03 -1.229874231389767374e+03 -1.149688770506433229e+03
-1.674214107861250113e+03 -4.115215308002873371e+02 -2.010426858846337154e+03
-2.278832446465037265e+02 1.721621256386752975e+03 2.824622998091210320e+03
4.140350665083977333e+01 1.672350917216051130e+03 2.396623391905631593e+02
-1.405625612833592413e+03 -6.678004435998468580e+02 2.719075125517741981e+03
9.944869351962122437e+02 -1.399498084169914137e+03 -3.219087040227864236e+03
1.495559869633460494e+03 -8.557433175601562425e+02 -2.838297339291424350e+02
-1.552689740950922896e+03 -2.271425922678903930e+02 -3.083693570626523069e+03
1.578772084609086505e+03 7.687207037484422472e+02 -1.801881142021166852e+03
-1.310030712258310587e+03 1.007518600250900363e+03 3.170840145029878840e+03
-1.385704188707082494e+03 9.434321077924439578e+02 1.382898226617568525e+03
-8.457813483056976338e+02 1.501964865731189548e+03 2.768686722084336907e+03
7.634489111515558761e+02 1.410854147823365111e+03 -1.288703089210629571e+02
-8.039348604480720724e+02 -1.486874636920179682e+03 -2.848513858698409877e+03
1.012658641979980530e+03 1.343165605623568354e+03 -2.282285941564251971e+03
-1.237301975287268078e+03 -1.079224839545967143e+03 -3.129984423925245210e+03
1.644720170378164767e+03 -5.437042568064960051e+02 -1.239497261437954876e+03
1.687312804850780594e+03 2.235532100608521944e+02 5.784585612442061375e+01
1.644049919532586500e+03 3.488026603412413351e+01 -2.634410938574901138e+03
-6.572391284906490228e+02 1.441343566907465174e+03 4.131511138551530138e+01
-1.594613955422152003e+03 -2.117009789021240067e+02 -2.330328225146372915e+03
-8.208404981770697759e+02 -1.464321388246525430e+03 -2.915023779419272159e+03
-2.118741149979312013e+02 1.548953307094742286e+03 -1.845557402138900670e+03
-1.553726261007686389e+03 -5.299983544689353039e+02 -3.145360395887644700e+03
-1.441102915229664177e+03 -7.702934952117606144e+02 2.708260229846410311e+03
-2.909270363469448171e+02 -1.624613517340275394e+03 -5.048180511630698106e+02
7.929154438214254697e+02 -1.550133143639300897e+03 -3.244234889504807143e+03
1.065005659756953946e+03 1.284308927506593591e+03 1.392816355812120037e+03
9.655501869555457688e+02 1.390342879041115566e+03 -1.812238549593638709e+03
-1.655386494527268951e+03 -5.876130992897230954e+01 1.589526391772500347e+03
1.515311462775008977e+03 8.399091718014185517e+02 -5.569617934985176078e+01
-9.493941415267978527e+02 -1.420579663923562066e+03 -1.939872651146696398e+03
-1.070918103862865564e+03 1.242586183113088509e+03 -1.961678750342797002e+03
-5.714656377424056473e+02 -1.615571974564804350e+03 -3.196349625487885532e+03
1.956809682304319722e+02 -1.710386093649583927e+03 -2.758059547590762577e+03
-1.591590021712552925e+03 3.604415498167145415e+01 3.122750030974452784e+03
1.428580452036516817e+03 6.717961717021287313e+02 -2.690774626218486446e+03
-2.232948523511696521e+02 1.564340361632717077e+03 -2.991866430316959850e+03
-1.510216366276143390e+03 8.390320623436548431e+02 -2.629066333614121959e+03
1.579216879907154180e+03 1.944415571806700882e+02 1.262928413052563883e+03
8.440736045974958870e+02 -1.510567972954375819e+03 -2.824286395273159542e+03
-7.612351577946938050e+02 1.437854787902727821e+03 -6.308957827421905051e+01
2.761451572022269829e+01 1.607037040703259208e+03 1.898895059461169012e+03
1.325511179278225427e+03 -1.003700568500755253e+03 -1.787316562272337251e+03
1.388881539750116872e+03 -9.575400983867892819e+02 -3.193388853683741672e+03
-5.232078527859414407e+01 1.647819895849664135e+03 -1.592204164001915387e+03
-5.210796442435199651e+02 1.552150937092463664e+03 2.437170105257792784e+03
8.387711853456137305e+02 -1.513509322909424782e+03 -2.827934478531601144e+03
-1.420393311086623044e+03 9.272454052603820855e+02 -3.187344457529822648e+03
-1.013272273576953125e+03 -1.322677099828616974e+03 3.071317075471976750e+03
-1.636011894351248429e+03 5.536654474210856733e+02 -1.939634000576631706e+03
-1.686788168603026406e+03 -1.820270092552660799e+02 -2.792872768952999650e+03
3.314348581290823859e+01 1.606931462880021172e+03 1.893050452109485377e+03
-1.655542317145647530e+03 2.743121512894036869e+02 -2.985435574032655040e+03
8.221910700168672292e+02 1.444235809393804402e+03 2.869110378490135531e+02
8.812951478592076455e+02 -1.482444593339038875e+03 -1.962757306826993613e+02
-1.517863272963889358e+03 -8.411106876247581567e+02 -2.765760792524819408e+03
-1.490512036468599035e+03 7.012717477145479279e+02 1.735395247539040327e+02
1.571790239125714606e+03 -2.224845176961855486e+01 -1.217482073231229833e+03
-1.051567014917896131e+03 -1.296235598135956025e+03 -3.176450442275467594e+03
1.565646952224293273e+03 4.896824470933710245e+02 -5.349038040401059106e+02
1.449411311983599489e+03 7.488281457372629575e+02 -2.773042210988270654e+03
9.442939953279656038e+02 1.424355825753467570e+03 -1.240000017156562080e+03
-1.323306662865285716e+03 1.020222030529789890e+03 2.243681967590837758e+03
-1.286226051334121394e+03 8.694829951660649385e+02 2.734850550022572406e+03
1.599005047789172750e+03 -5.176454108394234481e+02 5.970379475669825524e+02
-1.726035458310042827e+02 1.723600037492827596e+03 -1.125851191630436610e+01
-1.832537886723697511e+02 1.661296837277000805e+03 2.955502153659388568e+03
2.830573879758846942e+02 1.638530540394964419e+03 -2.474971251327016034e+03
-1.491426133239514229e+03 -8.703607118112547596e+02 -2.888331742276729983e+03
-1.579672198281234159e+03 -2.130378301897796973e+02 1.853741859508052812e+03
-1.315171246588371105e+03 1.007642929638449687e+03 -1.374968484637164693e+03
5.103837145474084309e+02 -1.577088279783570442e+03 -2.981610285241456040e+03
7.140754634030082570e+02 1.408186638975947972e+03 -2.635217249143408480e+03
1.356051993681703607e+03 1.027280789733776146e+03 1.954078815127408006e+03
1.047251802204723845e+03 1.310317424915114998e+03 -8.482981906672052901e+02
8.978712219670444483e+02 1.245185194820762035e+03 1.152437270428854248e+02
-5.292595309034219326e+02 -1.588788479621740407e+03 -2.421733488773935278e+03
-6.248280859166803225e+01 -1.571343496869919363e+03 -3.089408174041864640e+03
1.658308344502123873e+03 1.819196778706514408e+02 4.350473803456977748e+02
-1.552240015117523399e+03 -1.992177490202375338e+02 2.931887023008112465e+03
-1.449108335004490982e+03 -9.292468186261210121e+02 -1.414628105170021172e+03
-8.589555464762785277e+02 1.492616151804014180e+03 -2.673269553784296477e+03
-2.170177910623319804e+02 1.551303567882589732e+03 -1.257773694252548012e+03
