[-147.3098470414669, -325.1639831300933, -3168.1723383513977]
[1775.2311223194597, 816.0689901540534, 2214.591902802382]
[-1319.7092941826259, 1057.2745842119482, -2481.804472496948]
[-1223.2463829537858, -923.7702229462877, -2646.3698200773188]
[2307.302216364147, -1190.4151640268976, -1115.1383907565464]
[-132.7618678768568, 342.7074118972351, 3201.4391527262087]
[467.20704120142193, 674.8612555228619, -3056.431034385037]
[1263.848546829689, 895.6799734792606, -2581.9379124054612]
[222.7947284179472, 850.8618612580076, -3046.159062835797]
[-1550.2553835829117, 1498.1086680202525, -1960.5057583419048]
[1631.333352929086, -726.6964717102201, -2453.968291144969]
[261.1051999115716, 2684.993209449757, 715.050725603692]
[-142.1977897494275, -321.761405566193, -3168.883512110487]
[2287.121836031334, 1599.701984231348, 115.76822086238904]
[1779.8020751262752, 816.6523098762802, 2209.3815217728693]
[790.1554678796779, -358.6561538328914, -3044.057275947472]
[-1376.4754955389753, 2180.7050641835367, 1328.5954032058637]
[2213.4253585564684, -88.41031693462016, -1882.5217880146297]
[2647.350753493223, 94.56812741007833, -831.7071249769152]
[-1051.6366414064048, -2125.136360335341, -1764.6033308264105]
[460.224779062214, -246.8716899044975, -3169.701956810859]
[-1375.9370973305486, 2184.233946765421, 1321.6651311260787]
[-1123.3540445963883, 428.6417558424158, -2754.28784781856]
[1330.3849334132592, 2365.908802250113, -671.4141908533601]
[-719.4325835233691, -1403.0027814918813, -2494.667130705145]
[1116.5329975522575, -2453.652163228213, 94.53225880185322]
[-249.91995942031966, 975.2508109009375, -2984.2353303460427]
[812.4282591767512, 1684.0825613892653, -2288.40996902109]
[-654.6029445063066, 1607.2919505438742, 2540.6774351832087]
[793.2305565160848, 825.7021611648383, 2938.9101329584173]
[-327.358988186917, 2247.916780791915, -1905.99874395056]
[209.41314176020097, -78.43801474674483, -3198.599477772607]
[157.9657189681611, -2321.4081690103126, -1767.3878682540103]
[163.76163102303556, 2193.002103217628, -2010.9160227460525]
[316.9044634552028, -421.2188104407959, 3186.8084941254792]
[1096.5396598553446, 265.2739003225299, -2912.9210752831013]
[155.00303058627617, -1443.32904214592, -2628.2490246679863]
[92.2221307817749, 2731.1587679799613, -511.937371598976]
[-837.6051290049713, -70.7165953323657, -2948.625847406178]
[-50.33348680698179, 2772.3771716939405, -461.99804894354764]
[378.29520931731156, 963.024127846836, 2948.4976415048013]
[-1277.269972617407, 797.2625840614519, 2727.773676579358]
[2366.67610890813, 1415.69490521236, 345.0028973552104]
[742.8991224408161, -83.69698660557341, -3074.8844812680554]
[293.4471221648831, 26.501290442841487, -3181.8900055147824]
[988.7420295124026, 863.5795575894692, -2755.6243728186055]
[-1605.5721956543562, 2302.0415087029055, -130.93696213136917]
[2443.8728069088493, -25.903493847263668, -1468.3953154904866]
[296.60799969437676, 31.779928147933077, -3181.4052435804806]
[1411.8828247688768, -1964.6480024547532, -1544.4097553275237]
[1358.7018881963459, -2403.5099555148645, -14.800359591399598]
[1211.1989573026901, 2291.170390130692, 1184.0046412881393]
[1086.914535272921, 1948.0360140197315, 2019.617076530064]
[992.7136446789698, 867.2317982076584, -2752.2727186374386]
[287.4692536732896, 1002.0578478764824, -2951.399045905041]
[1498.871663255428, 2263.5849400819443, 483.77609394436377]
[374.507387670002, -116.92529383299326, 3212.2211241899054]
[-1603.1442505359482, 2303.413808911045, -138.48174344458764]
[1606.914650617648, 263.8864823969926, -2539.149662909097]
[-811.547509655832, 1843.3961817304944, -2210.84639244732]
[404.78395876396803, -700.2053203832577, -3055.3559945781276]
[2184.7020305856254, 1161.7592759414656, -1420.7376656984125]
[2073.6477560370136, 1575.063369109333, -1205.2292916059805]
[2501.5441771101086, 1144.6358231384177, -102.72129759115676]
[-294.25093836409326, 1274.0926601715787, -2868.4863893484267]
[290.7761675166068, -20.48093163894685, -3177.5364995406035]
[2344.601878226563, -1309.2160070877944, 216.6665458339342]
[272.9071351317224, 1273.1005503751767, 2854.4050535515084]
[255.22945910361355, -1361.0539534182858, -2753.2186352534063]
[2073.0984177587375, 1571.5756890914477, -1212.173492140297]
[-2367.643243276791, 1336.8638197164169, 653.3039684673337]
[1391.7104006988989, 1015.1265497819395, -2436.790549851913]
[149.48401053892852, 2309.6424733071685, 1872.0178927395516]
[-841.6073257518626, 717.6666732840798, -2873.165206282175]
[368.9763434024079, 238.86916894808905, -3146.5896656278137]
[1448.6564648970968, -2060.6280433544657, -1199.981109766133]
[130.62524195656422, 240.7625061551151, 3248.5472298827826]
[1243.6229009643591, 2041.3180538770698, -1608.6838835227338]
[1027.5070395427192, -1175.2038541380844, -2617.481574975938]
[1440.0380810935249, 2371.76480561865, 137.6039271603029]
[944.1215657046973, 1071.4654942378268, -2712.876731617971]
[2153.051663822637, -78.56676996479936, 1987.1338535512482]
[-1134.4196795248442, 1471.1098679069642, -2390.859031137178]
[-270.7779180555648, 1199.2238186062648, 2840.2840783327338]
[-964.3379105422046, 334.7343406552932, -2904.6058696273603]
[1183.3186207590143, 2243.8790324219644, -1367.8208976642231]
[1879.839658733502, 1113.1841139856401, 1927.197763832567]
[81.35118116734344, 2554.2428426040856, 1459.3004264884369]
[-36.287280475889176, 323.16310891446426, 3196.7021480569224]
[1957.757191107524, 1391.3865727635234, 1574.4618419736842]
[313.45187918918043, 1271.9885855766834, -2860.657321358372]
[1193.8503291774819, 894.4628666683034, -2677.318513368453]
[2392.9022139824356, 1339.8180358027462, 45.497870230958]
[-434.7874778497194, -642.2345831344822, -3071.767241052627]
[2335.0563000256866, -1084.016690733879, -1150.8131346724174]
[-1897.0413698051877, 997.8956114011914, -1963.511140956483]
[1197.663024903529, 639.3757740066608, 2835.0714105299853]
[226.4053445176549, 2638.3927524136793, 229.99043555761207]
[-889.7326394267901, 1035.4913518691724, 2723.826038798982]
[102.85474252108517, 296.0949316616561, -3173.7834463070844]
[2450.919999430427, -1103.7460769796141, -274.2480896133619]
[384.9811698204933, -317.99738488569653, -3112.519941970181]
[1054.1035028750746, 2092.3332004333365, -1812.5133791014844]
[348.51053888315624, 24.17311235861655, 3167.4110758728857]
[-1161.723446136919, 2237.9884442818916, 1392.6315559197026]
[869.9962727661109, 1156.901447747949, 2769.420417670476]
[1407.720140776948, 2425.2862362051087, -131.87172052610364]
[-1260.8825131716278, 230.6282403383455, -2815.6951010528524]
[1937.053905982195, 86.04942628371349, -2259.79461344898]
[467.48381479480804, -185.5252461017416, -3135.0896094731756]
[2520.1141867046813, 228.08300321870456, -1209.3637040982255]
[2822.8159064174915, 304.25575718719665, 58.88584107603624]
[708.4811570863158, 1367.066138317051, -2527.039009458055]
[-1100.359123802607, 2461.76562172956, 40.858502048456366]
[-803.8500360000868, -1648.8752440372346, -2325.040907680736]
[835.7935926247684, -844.5203519000959, -2852.352761489437]
[1254.6736633245876, 1833.0831947373313, -1862.4139754211822]
[137.14319514580905, 402.24096383531594, -3150.1572512665493]
[-1079.59183136816, 954.0022347788058, 2711.0843718113483]
[33.428268101346006, -2765.513243372563, -512.0908415904989]
[-250.61031772743806, 55.0020616503756, -3194.6083052058284]
[2220.252525778894, 956.4934899902036, 1344.8651181613134]
[-140.96233551636016, 2294.1332380953213, -1815.6344608374022]
[-2042.7549077252074, 1246.8910577494314, 1586.829905805378]
[2414.4262586121395, 1403.0347935103064, -55.501025162778866]
[306.04327900504836, -2216.674190303304, -1957.442394403453]
[88.94147223092044, 2171.896760580262, -1962.9244895742154]
[426.1202300649318, 21.069088745741823, -3184.0125399419935]
[1396.2415807083757, -392.4946601424807, -2796.3252362962517]
[273.23757785590436, -375.48936178802177, 3085.0672954351644]
[-149.21377668351664, 1405.4611703323503, -2656.395463840335]
[877.7374710859632, 84.60733267693362, -2931.8831942862607]
[55.28918521689272, 1612.0551213994597, -2662.8699274894493]
[2058.251740847316, 1416.4902590626393, 1262.5307895465917]
[1356.8014985373409, 178.1609917132189, -2813.6514393530565]
[-1343.8888960614563, 2411.2845616420527, -63.321419335574106]
[1500.4336137186651, 1574.595225352155, 1886.8612266382013]
[2232.7603740352356, -39.62471490398872, -1726.5072404589057]
[-321.60261925729117, -72.81308860543406, -3177.071283202978]
[-1385.2331205447467, 1954.3423358452274, -1593.4863411262138]
[1148.337628860912, 1363.775556077716, 2466.5917569830744]
[1351.3217309063793, 176.80683470167332, -2817.298095836586]
[360.543500272928, 225.3005962744131, -3162.9147158255428]
[652.310947543634, -423.2118075351052, 3081.7449333550053]
[-1126.0826088424255, 1972.823693133549, -1981.1749087782134]
[-657.1853377799425, 1232.8776019297393, -2781.2211820809125]
[1504.1849255093548, 1576.2584612758237, 1881.099034846049]
[-271.66526401991473, -959.8050915783748, -2971.213077995458]
[1164.9357803952469, 2609.8099915805415, 297.1184920394498]
[1584.204699050325, -2313.405034775555, -196.9282551203218]
[-1164.0091567890663, 873.4361928786668, -2765.0581869545895]
[-2339.1233778887977, 1325.194353896791, 169.59139644025913]
[2294.8416916396172, 1067.9811878486776, -1224.6324807304845]
[10.475366629386766, 322.27131677172076, -3175.837139233422]
[2404.526976430628, 1313.3508244271873, -539.3760521324209]
[-246.46313452820607, 1320.6955428266215, -2780.233404455546]
[2146.8400952207153, 1347.0409033263647, -1219.601068925401]
[-58.69983099178985, 1990.6014725996974, 2266.1500354416926]
[528.060458177337, 1206.8229360288606, 2798.7049137821673]
[2366.3872889077834, -1358.8120357408086, 597.1740312929278]
[-275.7205854192382, 2737.65227470123, -11.060599496887926]
[1029.2982299254297, 275.9414567835661, 2950.709767144301]
[1592.993152854443, 688.916288869653, -2428.827662462489]
[279.66112431600754, -1225.7133256913476, -2898.266403080424]
[-1818.9839917282566, 1221.3478517594358, 1837.0782609782948]
[-984.2454380499429, 2377.662775958648, -1424.5774977239546]
[956.2608628899391, 225.7400711133996, -2970.5553410589996]
[-999.9461831811028, 1147.8390905691494, -2649.1004969462224]
[2182.740813892987, -149.64265318142384, 1929.6612435889638]
[978.2925916990793, 2508.0608311753012, -853.7778119551331]
[1689.0453502711143, 2194.78177271368, 117.90634221689679]
[1104.5118791724744, -1447.3300081952907, -2428.605699681634]
[358.33032945082266, 326.5686352141669, -3127.389129427465]
[2745.2246193900546, -118.65791954878544, 435.47704941170156]
[-29.507106837645267, 948.2445260709824, 2992.4858146618003]
[-1188.988464959708, -2215.8387582174955, -1419.3637924116913]
[845.9184749641593, 1328.5658788317019, -2673.502684248561]
[-1422.482438520984, 2053.373501761885, -1258.147765767576]
