[-16152371.86631678, -6447130.675324832, 19593204.487634674]
[-9442129.711381571, 22690354.09694216, 9835836.684267145]
[-18590516.726558734, 15645312.790055603, 10654542.6642906]
[-19995890.780407943, 7913069.963853517, 15709247.158357665]
[16265685.382756528, 13611307.463643866, -16526562.598275071]
[-10453112.88653649, -24139020.52117693, 3752208.768469928]
[20065542.932796903, -16778920.41275363, -3875957.60767444]
[7594394.373424587, 14686061.2668101, -20380016.53914858]
[-18428673.58356749, 18954061.41823492, -809726.392653469]
[-16257230.038275277, -17294987.322192386, 11881830.394288199]
[-22571047.206286404, 6302876.037642076, 12463518.952318477]
[8010487.964128462, 19898210.241648033, -15862170.59324982]
[-20842690.44259501, 534912.5515689999, 16528712.781086475]
[-4615313.321112997, -22151853.552663334, 13792771.418932807]
[14145879.354087349, 5269542.624637628, -21796034.94300999]
[-24567591.613280214, 1522835.571821208, 10248620.077781752]
[6917954.971592283, 25138407.21686009, -5008899.407961097]
[20450947.343949266, -7560882.686803055, -15134536.66173489]
[-15625831.326423796, 396446.93639556225, 21292156.41690015]
[24499120.617967024, -3623183.032183172, -9927189.588787854]
[10923160.360857725, -19272097.627124783, -14202106.211054843]
[-7037238.741311216, 24777939.55617763, -4857497.310547106]
[-21474593.578725033, -2249915.4175470136, 15661957.245328326]
[21420886.27898658, 10837983.945607526, 11401139.88315109]
[601493.5973673975, 15960980.969322624, 21208711.865554564]
[21415805.534729257, -812701.5718400218, 15406922.63961316]
[9790808.529851161, 20884551.337468736, 13511102.140722258]
[18995810.307267733, 3612405.359987667, -18086453.568188902]
[8856108.421244562, -17313350.41793531, 18028091.991561476]
[14254444.056367073, -12027735.661963997, 18401951.09381797]
[1665041.7203335213, 25356996.04307292, 7342215.757628679]
