[-703.3324758353557, -3083.1249743424914, -2087.6839704835515]
[-394.6129009788898, -1648.9903984437087, -3202.3612278163696]
[-569.4875913662765, -3231.2486343282712, -3132.641328778999]
[-1287.7172984883177, -3697.6244371733997, -2775.658967932833]
[-2519.9486256290256, 1648.93373775459, -1285.4314920506858]
[405.21930022819924, -1515.6113060744246, -3141.751539085997]
[-575.2180257756825, 3150.541928396109, -2821.9313763295836]
[-2844.6283167493693, 259.6067781249822, 58.228196989662194]
[344.2047023413117, -3010.3755393924844, -2980.948307661377]
[-146.56523270096875, -2746.0085862312585, -3040.96943955463]
[-785.5066558294968, -3939.973891637545, -3053.0864698499936]
[-2236.9601824421825, 336.1128994164427, -1368.3304289998553]
[-1187.5864363308287, -3868.8975651965984, -2626.8726543802845]
[272.8967086889339, -756.2853726882142, -3023.178673798256]
[-1390.5893410804283, 2136.3680978670322, 488.9073081212075]
[-455.1179753376745, -4105.7958494995455, -3116.311797384202]
[-998.979193852226, 674.3598432576915, -2681.9683050991284]
[-1183.462211987168, 3094.267794435582, -1460.964926057012]
[-1165.1600135052938, -3155.4782286141844, -1610.8284664468108]
[-1526.8501534232876, 3495.527893287416, -2214.168226659015]
[398.1040309479642, 2254.5190465690866, -1590.3787157666284]
[-350.3285266516064, -1436.5784372415937, -2706.686019874053]
[-1017.2807937839939, -3866.1200142546536, -2802.794922419775]
[362.98377876922575, 3608.90248374536, -3106.6500959555137]
[-2160.3547614355266, -622.4579542026077, -1560.4427079867908]
[1125.2862027948536, 3966.329357785789, -2733.9549883771697]
[-1981.8396669915364, 735.0428034000172, 1780.6120266373491]
[-1957.248425370119, 2516.3782552386133, -767.349132322818]
[1502.6972000931096, 1868.2195426602802, -2580.54879034104]
[394.10589929997127, 2629.998276442971, 585.5984570405731]
[-383.4721670845116, 117.42942371167939, -3134.847445508015]
